49|Medicated|強化薬|1|1|30|0|0|0|1
141|Battle Voice|バトルボイス|1|2|20|0|0|20|0
116|Life Surge|ライフサージ|1|1|5|0|100|0|0
638|Vulnerability Up|被ダメージ上昇|2|1|15|5|0|0|0
786|Battle Litany|バトルリタニー|1|2|20|0|10|0|0
851|Reassemble|整備|1|1|5|0|100|100|0
1177|Inner Release|原初の解放|1|1|10|0|100|100|0
1185|Meditative Brotherhood|桃園結義：攻撃|1|2|15|5|0|0|0
1213|Devotion|エギの加護|1|2|15|5|0|0|0
1221|Chain Stratagem|連環計|2|1|15|0|10|0|0
1297|Embolden|エンボルデン|1|2|20|10|0|0|4
1454|Left Eye|竜の左眼|1|1|20|5|0|0|0
1822|Technical Finish|テクニカルフィニッシュ|1|2|20|5|0|0|0
1825|Devilment|攻めのタンゴ|1|1|20|0|20|20|0
1876|Lord Of Crowns|クラウンロード|1|1|15|8|0|0|2
1877|Lady Of Crowns|クラウンレディ|1|1|15|8|0|0|3
1878|Divination|ディヴィネーション|1|2|15|6|0|0|0
1882|The Balance|アーゼマの均衡|1|1|15|6|0|0|2
1883|The Bole|世界樹の幹|1|1|15|6|0|0|3
1884|The Arrow|オシュオンの矢|1|1|15|6|0|0|2
1885|The Spear|ハルオーネの槍|1|1|15|6|0|0|2
1886|The Ewer|サリャクの水瓶|1|1|15|6|0|0|3
1887|The Spire|ビエルゴの塔|1|1|15|6|0|0|3
2105|Standard Finish|スタンダードフィニッシュ|1|1|60|5|0|0|0
2216|The Wanderer's Minuet|旅神のメヌエット|1|2|30|0|2|0|5
2217|Mage's Ballad|賢人のバラード|1|2|30|1|0|0|5
2218|Amy's Paeon|軍神のパイオン|1|2|30|0|0|3|5